1 3
2 4
3 3
1 35
2 46
3 57
1 3
2 42
3 523
1 33
2 45
3 53
1 35
2 48
3 59
1 3
2 40
3 55
1 32
2 443
3 55
1 36
2 47
3 598
1 3
2 49
3 57
1 36
2 44
3 53
1 32
2 42
3 5
1 36
2 46
3 57
1 38
2 49
3 54
1 32
2 41
3 55
1 36
2 41
3 567
1 3
2 47
3 58
1 35
2 42
3 56
1 3
2 46
3 53
1 36
2 41
3 567
1 3
2 47
3 58
1 35
2 42
3 56
1 3
2 46
3 53
1 36
2 41
3 567
1 3
2 47
3 58
1 35
2 42
3 56
1 3
2 46
3 53
1 36
2 41
3 567
1 3
2 47
3 58
1 35
2 42
3 56
1 3
2 46
3 53
1 36
2 41
3 567
1 3
2 47
3 58
1 35
2 42
3 56
1 3
2 46
3 53
1 36
2 41
3 567
1 3
2 47
3 58
1 35
2 42
3 56
1 3
2 46
3 53
1 36
2 41
3 567
1 3
2 47
3 58
1 35
2 42
3 56
1 3
2 46
3 53
1 36
2 41
3 567
1 3
2 47
3 58
1 35
2 42
3 56
1 35
3 53
1 36
2 415
3 567
1 35
2 475
3 585
1 3555
2 425
3 56
1 35
2 465
3 53
1 36
2 41
3 567
1 3
2 47
3 58
1 355
2 42
3 564
1 34
2 463
3 533
1 36
2 41
3 567
1 3
2 47
3 58
1 35
2 425
3 56
1 35
3 53
1 36
2 41
3 5675
1 34
2 47
3 58
1 35
2 426
3 56
1 35
2 465
3 53
1 364
2 41
3 567
1 3
2 47
3 584
1 353
2 422
3 562
2 46
3 533
1 36
2 41
3 5673
1 3
2 47
3 58
1 35
2 423
3 56
1 32
2 46
3 533